%YAML:1.0

#path of temperary recording files for analysis
test.InitVIOTmpPath: "/home/leavesnight/tmp/zzh/"

# Timestamp shift(s) Timage = Timu/Tenc + image_delay
Camera.delaytoimu: 0.
Camera.delaytoenc: 0.
# when IMU is read as Polling, Timu_cached = Timage_tracking_process + polling_delay (u can also use this to slow Tracking thread)
Camera.delayForPolling: 0.005

# mode 0 is normal right order gxgygz/axayaz, 1 means -gy,gxgz/-ay,axaz
IMU.mode: 1

# sigma[4]: g(gyroscope_noise_density) a(accelerometer_noise_density) bg(gyroscope_random_walk) ba(accelerometer_random_walk); notice Sigma_g/ad=sigma_g(/_a)^2/dt, Sigma_bg(/_ba)=sigma_bg(/_ba)^2, Cov_bgd(/_bad)=Sigma_bg(/_ba)*deltat
IMU.sigma:
# [4.887e-5, 6.867e-4, 1.e-6, 1.e-5]
# [4.887e-5, 6.8e-3, 1.e-5, 1.e-3]
 [ 4.887e-5, 6.8e-2, 1.e-5, 1.e-2]

IMU.freq_hz: 1000.0
IMU.dt_cov_noise_fix: 1

# acc=acc*IMU.dMultiplyG, if below is 9.80665 meaning acc=acc*9.80665, but internal referenced G used for prior is still 9.810
IMU.dMultiplyG: 1.

# camera-imu frame transformation, Pi = Tic * Pc; For stereo: it's the rectified left(0) camera's Tbc'=Tbc0*Tc'c0.inv(), notice LEFT.R is Rc'c0(R1) & tc'c0=0
Camera.Tbc:
 [0.763990045, -0.105455430, -0.636551933, 0.006765617,
  -0.004658516, -0.987429252,  0.157992947, 0.066157040,
  -0.645211213, -0.117739652, -0.754877384, 0.009202311,
  0        ,   0,           0         ,  1]

# Local Window size(0 means pure-vision+IMU Initialzation but no IMU error in BA): JW is 20, VIORBSLAM paper uses 10, but 5 for V203 in my PC
LocalMapping.LocalWindowSize: 10

# the Error allow between "simultaneous" IMU data(Timu=Timu+delaytoimu) & Image's ftimestamp_(Timg): Timu=[Timg-err,Timg+err]; out of this range, no IMU data is used between 2KFs/Fs, max 1/fps; we suppose ErrEncImg=ErrIMUImg
ErrIMUImg: 0.03

# IMU Initialization Check starts at InitTime and ends at FinalTime, the IMU Initialization thread also sleep(SleepTime) (s)
IMU.InitTime: 0
IMU.FinalTime: 15
IMU.SleepTime: 1.0

# normal & initial & final Full BA iterations, default is 10,15,20; final uses 0 means no Full BA at the end of execution
GBA.iterations: 10
GBA.initIterations: 15
GBA.finalIterations: 0
GBA.threshMatches : 10
GBA.threshInliers : 10

#--------------------------------------------------------------------------------------------
# Camera Parameters. Adjust them!
#--------------------------------------------------------------------------------------------

Camera.type: "KannalaBrandt8"
# Camera calibration and distortion parameters (OpenCV)
Camera.fx: 236.8298672
Camera.fy: 237.3488574
Camera.cx: 321.5545876
Camera.cy: 236.184961
Camera.k1: 0.1958208122
Camera.k2: -0.1472814386
Camera.k3: 0.05141558566
Camera.k4: -0.007858062854
Camera2.fx: 237.3230978
Camera2.fy: 236.759063
Camera2.cx: 311.6312855
Camera2.cy: 238.1967469
Camera2.k1: 0.222049338
Camera2.k2: -0.1987481614
Camera2.k3: 0.08299419973
Camera2.k4: -0.01502573534
Camera3.fx: 236.1541487
Camera3.fy: 236.3806137
Camera3.cx: 318.2635769
Camera3.cy: 240.0156304
Camera3.k1: 0.1855202138
Camera3.k2: -0.1207867307
Camera3.k3: 0.03836199073
Camera3.k4: -0.006661852976
Camera4.fx: 235.5928304
Camera4.fy: 235.4939762
Camera4.cx: 317.778234
Camera4.cy: 238.7246396
Camera4.k1: 0.2138238926
Camera4.k2: -0.1826065974
Camera4.k3: 0.07820991323
Camera4.k4: -0.01548835547
# Transformation matrix from reference camera to current camera
Camera2.Trc: !!opencv-matrix
  rows: 3
  cols: 4
  dt: f
  data: [ 0.691146925, -0.257066572,  0.675450002,  0.042694692,
          0.721668829,  0.295734485, -0.625887543, -0.032544238,
          -0.038859093,  0.920031463,  0.389912912, -0.045069562]
Camera3.Trc: !!opencv-matrix
  rows: 3
  cols: 4
  dt: f
  data: [ -0.652780330, -0.274765935,  0.705961416 , 0.052141773,
          0.731849460 , 0.011931131,  0.681361883 , 0.101328068,
          -0.195637953 , 0.961437117,  0.193298894, -0.062387334]
Camera4.Trc: !!opencv-matrix
  rows: 3
  cols: 4
  dt: f
  data: [ 0.999958964, -0.007999888, -0.004251180, -0.002458248,
          0.008975633,  0.938494098,  0.345178599,  0.086852947,
          0.001228317, -0.345202592,  0.938527390, -0.015975119]

# Lapping area between images
Camera.lappingBegin: 0
Camera.lappingEnd: 639
Camera2.lappingBegin: 0
Camera2.lappingEnd: 639
Camera3.lappingBegin: 0
Camera3.lappingEnd: 639
Camera4.lappingBegin: 0
Camera4.lappingEnd: 639
Camera.width: 640
Camera.height: 480

# Camera frames per second 
Camera.fps: 30.0

# Color order of the images (0: BGR, 1: RGB. It is ignored if images are grayscale)
Camera.RGB: 1

# stereo baseline times fx
Camera.bf: 15.7801
# Close/Far threshold. Baseline times.
ThDepth: 35.0 # 35

#--------------------------------------------------------------------------------------------
# ORB Parameters
#--------------------------------------------------------------------------------------------

# ORB Extractor: Number of features per image
ORBextractor.nFeatures: 187

# ORB Extractor: Scale factor between levels in the scale pyramid 	
ORBextractor.scaleFactor: 2.

# ORB Extractor: Number of levels in the scale pyramid	
ORBextractor.nLevels: 4

# ORB Extractor: Fast threshold
# Image is divided in a grid. At each cell FAST are extracted imposing a minimum response.
# Firstly we impose iniThFAST. If no corners are detected we impose a lower value minThFAST
# You can lower these values if your images have low contrast			
ORBextractor.iniThFAST: 20
ORBextractor.minThFAST: 7

#--------------------------------------------------------------------------------------------
# Viewer Parameters
#---------------------------------------------------------------------------------------------
Viewer.KeyFrameSize: 0.05
Viewer.KeyFrameLineWidth: 1
Viewer.GraphLineWidth: 0.9
Viewer.PointSize: 2
Viewer.CameraSize: 0.08
Viewer.CameraLineWidth: 3
Viewer.ViewpointX: 0
Viewer.ViewpointY: -0.7
Viewer.ViewpointZ: -1.8
Viewer.ViewpointF: 500

