%YAML:1.0

#path of temperary recording files for analysis
test.InitVIOTmpPath: "/home/leavesnight/tmp/zzh/"

# Timestamp shift(s) Timage = Timu/Tenc + image_delay
Camera.delaytoimu: -0.0035
Camera.delaytoenc: 0.
# when IMU is read as Polling, Timu_cached = Timage_tracking_process + polling_delay (u can also use this to slow Tracking thread)
Camera.delayForPolling: 0.005

# 2 differential driving wheels' distance (m)
Encoder.rc: 0.280

# encoder coefficient to m/s : vscaleforhall=2.0/ppr*M_PI*wheelradius/datatime=2.0/400*M_PI*0.105/10
Encoder.scale: 1.649336143e-4

# encoder_sigma[8]: el,er,em[6](vx,vy,vz,wx,wy,wz) [m/s/sqrt(Hz),model: m/s^2/sqrt(Hz)]
Encoder.sigma:
 [1.58e-2, 1.58e-2, 3.16e-2, 3.16e-2, 3.16e-2, 3.16e-2, 3.16e-2, 3.16e-2]

# mode 0 is normal right order gxgygz/axayaz, 1 means -gy,gxgz/-ay,axaz
IMU.mode: 1

# Sigma etawi of IMU
IMU.SigmaI:
 [0.1, 0, 0,
  0, 0.1, 0,
  0, 0, 1]

# sigma[4]: g(gyroscope_noise_density) a(accelerometer_noise_density) bg(gyroscope_random_walk) ba(accelerometer_random_walk); notice Sigma_g/ad=sigma_g(/_a)^2/dt, Sigma_bg(/_ba)=sigma_bg(/_ba)^2, Cov_bgd(/_bad)=Sigma_bg(/_ba)*deltat
IMU.sigma:
# [4.887e-5, 6.867e-4, 1.e-6, 1.e-5]
 [4.887e-5, 6.8e-3, 1.e-5, 1.e-3]
# [ 4.887e-5, 6.8e-2, 1.e-5, 1.e-2]

IMU.freq_hz: 1000.0
IMU.dt_cov_noise_fix: 1

# acc=acc*IMU.dMultiplyG, if below is 9.80665 meaning acc=acc*9.80665, but internal referenced G used for prior is still 9.810
IMU.dMultiplyG: 1.

# camera-imu frame transformation, Pi = Tic * Pc; For stereo: it's the rectified left(0) camera's Tbc'=Tbc0*Tc'c0.inv(), notice LEFT.R is Rc'c0(R1) & tc'c0=0
Camera.Tbc:
 [0.770146,   -0.102445  , -0.629587, -0.00027717,
  -0.00465242,   -0.987895  ,  0.155056,   0.0694967,
  -0.637851,   -0.116487   ,  -0.7613 , -0.0134066,
  0        ,   0,           0         ,  1]

# imu-encoder frame transformation
Camera.Tce:
 [0.000000000, -1.000000000,  0.000000000,  -0.015000000,
  0.000000000,  0.000000000, -1.000000000,  0.473000000,
  1.000000000,  0.000000000,  0.000000000, -0.518000000,
  0.000000000,  0.000000000,  0.000000000,  1.000000000]

# Local Window size(0 means pure-vision+IMU Initialzation but no IMU error in BA): JW is 20, VIORBSLAM paper uses 10, but 5 for V203 in my PC
LocalMapping.LocalWindowSize: 10

# the Error allow between "simultaneous" IMU data(Timu=Timu+delaytoimu) & Image's mTimeStamp(Timg): Timu=[Timg-err,Timg+err]; out of this range, no IMU data is used between 2KFs/Fs, max 1/fps; we suppose ErrEncImg=ErrIMUImg
ErrIMUImg: 0.03

# IMU Initialization Check starts at InitTime and ends at FinalTime, the IMU Initialization thread also sleep(SleepTime) (s)
IMU.InitTime: 0
IMU.FinalTime: 3
IMU.SleepTime: 1.0

# normal & initial & final Full BA iterations, default is 10,15,20; final uses 0 means no Full BA at the end of execution
GBA.iterations: 10
GBA.initIterations: 15
GBA.finalIterations: 0
GBA.threshMatches : 10
GBA.threshInliers : 10

#--------------------------------------------------------------------------------------------
# Camera Parameters. Adjust them!
#--------------------------------------------------------------------------------------------

Camera.type: "KannalaBrandt8"
# Camera calibration and distortion parameters (OpenCV)
Camera.fx: 234.6972979
Camera.fy: 235.1800418
Camera.cx: 323.8154331
Camera.cy: 245.2787942
Camera.k1: 0.2077653982
Camera.k2: -0.1564380093
Camera.k3: 0.05447342357
Camera.k4: -0.007951822178
Camera2.fx: 232.5034427
Camera2.fy: 232.2466622
Camera2.cx: 319.9559898
Camera2.cy: 243.5937181
Camera2.k1: 0.2207476743
Camera2.k2: -0.176457634
Camera2.k3: 0.06600116194
Camera2.k4: -0.01087801094
Camera3.fx: 234.9157966
Camera3.fy: 234.5102145
Camera3.cx: 313.0022337
Camera3.cy: 239.5737992
Camera3.k1: 0.2058136927
Camera3.k2: -0.1492273648
Camera3.k3: 0.05146538752
Camera3.k4: -0.008371957676
Camera4.fx: 232.6365319
Camera4.fy: 232.7209853
Camera4.cx: 325.7987429
Camera4.cy: 244.2011365
Camera4.k1: 0.2154506056
Camera4.k2: -0.1631797769
Camera4.k3: 0.05814429679
Camera4.k4: -0.009015643272
# Transformation matrix from reference camera to current camera
Camera2.Trc: !!opencv-matrix
  rows: 3
  cols: 4
  dt: f
  data: [ 0.669197115 ,-0.282947202 , 0.687107053 , 0.046051103,
            0.742006410 , 0.304243974 ,-0.597379353, -0.034978647,
            -0.040021364 , 0.909602377 , 0.413547827, -0.039498265]
Camera3.Trc: !!opencv-matrix
  rows: 3
  cols: 4
  dt: f
  data: [ -0.646158231, -0.272225294 , 0.713002756  ,0.053939338,
            0.740483829 , 0.002635081 , 0.672069010  ,0.098797553,
            -0.184833004 , 0.962229934 , 0.199875749 ,-0.063201122]
Camera4.Trc: !!opencv-matrix
  rows: 3
  cols: 4
  dt: f
  data: [ 0.999883  , 0.0144665  ,0.00506388 , 0.00310051,
          -0.0153266 ,   0.940848 ,   0.338482 ,  0.0867073,
          0.000132298  ,  -0.33852  ,  0.940959 , -0.0135563]

# Lapping area between images
Camera.lappingBegin: 0
Camera.lappingEnd: 639
Camera2.lappingBegin: 0
Camera2.lappingEnd: 639
Camera3.lappingBegin: 0
Camera3.lappingEnd: 639
Camera4.lappingBegin: 0
Camera4.lappingEnd: 639
Camera.width: 640
Camera.height: 480

# Camera frames per second 
Camera.fps: 30.0

# Color order of the images (0: BGR, 1: RGB. It is ignored if images are grayscale)
Camera.RGB: 1

# stereo baseline times fx
Camera.bf: 15.7801
# Close/Far threshold. Baseline times.
ThDepth: 35.0 # 35

#--------------------------------------------------------------------------------------------
# ORB Parameters
#--------------------------------------------------------------------------------------------

# ORB Extractor: Number of features per image
ORBextractor.nFeatures: 187

# ORB Extractor: Scale factor between levels in the scale pyramid 	
ORBextractor.scaleFactor: 2.

# ORB Extractor: Number of levels in the scale pyramid	
ORBextractor.nLevels: 4

# ORB Extractor: Fast threshold
# Image is divided in a grid. At each cell FAST are extracted imposing a minimum response.
# Firstly we impose iniThFAST. If no corners are detected we impose a lower value minThFAST
# You can lower these values if your images have low contrast			
ORBextractor.iniThFAST: 20
ORBextractor.minThFAST: 7

#--------------------------------------------------------------------------------------------
# Viewer Parameters
#---------------------------------------------------------------------------------------------
Viewer.KeyFrameSize: 0.05
Viewer.KeyFrameLineWidth: 1
Viewer.GraphLineWidth: 0.9
Viewer.PointSize: 2
Viewer.CameraSize: 0.08
Viewer.CameraLineWidth: 3
Viewer.ViewpointX: 0
Viewer.ViewpointY: -0.7
Viewer.ViewpointZ: -1.8
Viewer.ViewpointF: 500

