%YAML:1.0

#path of temperary recording files for analysis
test.InitVIOTmpPath: "/home/leavesnight/tmp/zzh/"

# Timestamp shift(s) Timage = Timu/Tenc + image_delay
Camera.delaytoimu: -0.0035
Camera.delaytoenc: 0.
# when IMU is read as Polling, Timu_cached = Timage_tracking_process + polling_delay (u can also use this to slow Tracking thread)
Camera.delayForPolling: 0.005

# 2 differential driving wheels' distance (m)
Encoder.rc: 0.280

# encoder coefficient to m/s : vscaleforhall=2.0/ppr*M_PI*wheelradius/datatime=2.0/400*M_PI*0.105/10
Encoder.scale: 1.649336143e-4

# encoder_sigma[8]: el,er,em[6](vx,vy,vz,wx,wy,wz) [m/s/sqrt(Hz),model: m/s^2/sqrt(Hz)]
Encoder.sigma:
 [1.58e-2, 1.58e-2, 3.16e-2, 3.16e-2, 3.16e-2, 3.16e-2, 3.16e-2, 3.16e-2]

# mode 0 is normal right order gxgygz/axayaz, 1 means -gy,gxgz/-ay,axaz
IMU.mode: 0

# Sigma etawi of IMU
IMU.SigmaI:
 [0.1, 0, 0,
  0, 0.1, 0,
  0, 0, 1]

# sigma[4]: g(gyroscope_noise_density) a(accelerometer_noise_density) bg(gyroscope_random_walk) ba(accelerometer_random_walk); notice Sigma_g/ad=sigma_g(/_a)^2/dt, Sigma_bg(/_ba)=sigma_bg(/_ba)^2, Cov_bgd(/_bad)=Sigma_bg(/_ba)*deltat
IMU.sigma:
# [4.887e-5, 6.867e-4, 1.e-6, 1.e-5]
# [ 4.887e-5, 6.8e-2, 1.e-5, 1.e-2]
# [4.887e-5, 6.8e-3, 1.e-5, 1.e-3]
 [7.8e-5, 6.5e-3, 4.0e-5, 7.3e-3]

IMU.freq_hz: 1000.0
IMU.dt_cov_noise_fix: 1

# acc=acc*IMU.dMultiplyG, if below is 9.80665 meaning acc=acc*9.80665, but internal referenced G used for prior is still 9.810
IMU.dMultiplyG: 1.

# camera-imu frame transformation, Pi = Tic * Pc; For stereo: it's the rectified left(0) camera's Tbc'=Tbc0*Tc'c0.inv(), notice LEFT.R is Rc'c0(R1) & tc'c0=0
Camera.Tbc:
 [ 0.205000749,  0.957490798,  0.202943502,  0.101511340,
  -0.738822896,  0.287380123, -0.609551797,  0.003195355,
  -0.641962165, -0.024980731,  0.766329264, -0.006339940,
  0        ,   0,           0         ,  1]

# imu-encoder frame transformation
Camera.Tce:
 [0.000000000, -1.000000000,  0.000000000,  -0.015000000,
  0.000000000,  0.000000000, -1.000000000,  0.473000000,
  1.000000000,  0.000000000,  0.000000000, -0.518000000,
  0.000000000,  0.000000000,  0.000000000,  1.000000000]

# Local Window size(0 means pure-vision+IMU Initialzation but no IMU error in BA): JW is 20, VIORBSLAM paper uses 10, but 5 for V203 in my PC
LocalMapping.LocalWindowSize: 10

# the Error allow between "simultaneous" IMU data(Timu=Timu+delaytoimu) & Image's mTimeStamp(Timg): Timu=[Timg-err,Timg+err]; out of this range, no IMU data is used between 2KFs/Fs, max 1/fps; we suppose ErrEncImg=ErrIMUImg
ErrIMUImg: 0.03

# IMU Initialization Check starts at InitTime and ends at FinalTime, the IMU Initialization thread also sleep(SleepTime) (s)
IMU.InitTime: 0
IMU.FinalTime: 3
IMU.SleepTime: 1.0

# normal & initial & final Full BA iterations, default is 10,15,20; final uses 0 means no Full BA at the end of execution
GBA.iterations: 10
GBA.initIterations: 15
GBA.finalIterations: 0
GBA.threshMatches : 10
GBA.threshInliers : 10

#--------------------------------------------------------------------------------------------
# Camera Parameters. Adjust them!
#--------------------------------------------------------------------------------------------

Camera.type: "KannalaBrandt8"
# Camera calibration and distortion parameters (OpenCV)
Camera.fx: 235.6342561
Camera.fy: 235.2998781
Camera.cx: 322.6497194
Camera.cy: 238.1280048
Camera.k1: 0.2093292161
Camera.k2: -0.1579340467
Camera.k3: 0.05269761997
Camera.k4: -0.0072202325
Camera2.fx: 235.9321491
Camera2.fy: 236.3175296
Camera2.cx: 325.1943436
Camera2.cy: 238.3841575
Camera2.k1: 0.1953326589
Camera2.k2: -0.1369290327
Camera2.k3: 0.04499455698
Camera2.k4: -0.007346792499
Camera3.fx: 236.4921994
Camera3.fy: 236.5857694
Camera3.cx: 323.4779803
Camera3.cy: 239.094942
Camera3.k1: 0.2047303869
Camera3.k2: -0.1607803667
Camera3.k3: 0.06461865995
Camera3.k4: -0.01209744925
Camera4.fx: 235.668388
Camera4.fy: 235.4064958
Camera4.cx: 323.4000232
Camera4.cy: 239.5444319
Camera4.k1: 0.2100287293
Camera4.k2: -0.1598509867
Camera4.k3: 0.05081253988
Camera4.k4: -0.006284505074
# Transformation matrix from reference camera to current camera
Camera2.Trc: !!opencv-matrix
  rows: 3
  cols: 4
  dt: f
  data: [ -0.737687896, -0.088481848, -0.669318707, -0.039181177,
          -0.626582721, -0.279454533,  0.727529558,  0.038994712,
          -0.251417306,  0.956073285,  0.150709029, -0.033756194]
Camera3.Trc: !!opencv-matrix
  rows: 3
  cols: 4
  dt: f
  data: [ -0.429667330, 0.062567474, -0.900817016, -0.067068458,
           0.901103935, 0.094106187, -0.423267909, -0.116224859,
           0.058289651, -0.993594151, -0.096814151, -0.067264686]
Camera4.Trc: !!opencv-matrix
  rows: 3
  cols: 4
  dt: f
  data: [ 0.923507721, 0.375941286, -0.076168493, -0.019817468,
         -0.377384388, 0.854952694, -0.355860807, -0.110861809,
         -0.068662311, 0.357385003,  0.931429786, -0.022527167]

# Lapping area between images
Camera.lappingBegin: 0
Camera.lappingEnd: 639
Camera2.lappingBegin: 0
Camera2.lappingEnd: 639
Camera3.lappingBegin: 0
Camera3.lappingEnd: 639
Camera4.lappingBegin: 0
Camera4.lappingEnd: 639
Camera.width: 640
Camera.height: 480

# Camera frames per second 
Camera.fps: 30.0

# Color order of the images (0: BGR, 1: RGB. It is ignored if images are grayscale)
Camera.RGB: 1

# stereo baseline times fx
Camera.bf: 15.7801
# Close/Far threshold. Baseline times.
ThDepth: 35.0 # 35

#--------------------------------------------------------------------------------------------
# ORB Parameters
#--------------------------------------------------------------------------------------------

# ORB Extractor: Number of features per image
ORBextractor.nFeatures: 350

# ORB Extractor: Scale factor between levels in the scale pyramid 	
ORBextractor.scaleFactor: 2.

# ORB Extractor: Number of levels in the scale pyramid	
ORBextractor.nLevels: 4

# ORB Extractor: Fast threshold
# Image is divided in a grid. At each cell FAST are extracted imposing a minimum response.
# Firstly we impose iniThFAST. If no corners are detected we impose a lower value minThFAST
# You can lower these values if your images have low contrast			
ORBextractor.iniThFAST: 20
ORBextractor.minThFAST: 7

#--------------------------------------------------------------------------------------------
# Viewer Parameters
#---------------------------------------------------------------------------------------------
Viewer.KeyFrameSize: 0.05
Viewer.KeyFrameLineWidth: 1
Viewer.GraphLineWidth: 0.9
Viewer.PointSize: 2
Viewer.CameraSize: 0.08
Viewer.CameraLineWidth: 3
Viewer.ViewpointX: 0
Viewer.ViewpointY: -0.7
Viewer.ViewpointZ: -1.8
Viewer.ViewpointF: 500

