%YAML:1.0

#path of temperary recording files for analysis
test.InitVIOTmpPath: "/home/leavesnight/tmp/zzh/"

# Timestamp shift(s) Timage = Timu/Tenc + image_delay
Camera.delaytoimu: -0.0053
Camera.delaytoenc: 0.
# when IMU is read as Polling, Timu_cached = Timage_tracking_process + polling_delay (u can also use this to slow Tracking thread)
Camera.delayForPolling: 0.005

# 2 differential driving wheels' distance (m)
Encoder.rc: 0.280

# encoder coefficient to m/s : vscaleforhall=2.0/ppr*M_PI*wheelradius/datatime=2.0/400*M_PI*0.105/10
Encoder.scale: 1.649336143e-4

# encoder_sigma[8]: el,er,em[6](vx,vy,vz,wx,wy,wz) [m/s/sqrt(Hz),model: m/s^2/sqrt(Hz)]
Encoder.sigma:
 [1.58e-2, 1.58e-2, 3.16e-2, 3.16e-2, 3.16e-2, 3.16e-2, 3.16e-2, 3.16e-2]

# mode 0 is normal right order gxgygz/axayaz, 1 means -gy,gxgz/-ay,axaz
IMU.mode: 0

# Sigma etawi of IMU
IMU.SigmaI:
 [0.1, 0, 0,
  0, 0.1, 0,
  0, 0, 1]

# sigma[4]: g(gyroscope_noise_density) a(accelerometer_noise_density) bg(gyroscope_random_walk) ba(accelerometer_random_walk); notice Sigma_g/ad=sigma_g(/_a)^2/dt, Sigma_bg(/_ba)=sigma_bg(/_ba)^2, Cov_bgd(/_bad)=Sigma_bg(/_ba)*deltat
IMU.sigma:
# [4.887e-5, 6.867e-4, 1.e-6, 1.e-5]
# [ 4.887e-5, 6.8e-2, 1.e-5, 1.e-2]
# [4.887e-5, 6.8e-3, 1.e-5, 1.e-3]
 [7.8e-5, 6.5e-3, 4.0e-5, 7.3e-3]
# [7.8e-4, 6.5e-3, 4.0e-5, 7.3e-4]

IMU.freq_hz: 1000.0
IMU.dt_cov_noise_fix: 1

# acc=acc*IMU.dMultiplyG, if below is 9.80665 meaning acc=acc*9.80665, but internal referenced G used for prior is still 9.810
IMU.dMultiplyG: 1.

# camera-imu frame transformation, Pi = Tic * Pc; For stereo: it's the rectified left(0) camera's Tbc'=Tbc0*Tc'c0.inv(), notice LEFT.R is Rc'c0(R1) & tc'c0=0
Camera.Tbc:
 [0.210902389,  0.955558653,  0.205980203,  0.103496630,
  -0.751157389,  0.293271063, -0.591400592,  0.007193744,
  -0.625525986, -0.029995754,  0.779626510,  0.000563419,
  0        ,   0,           0         ,  1]

# imu-encoder frame transformation
Camera.Tce:
 [0.000000000, -1.000000000,  0.000000000,  -0.015000000,
  0.000000000,  0.000000000, -1.000000000,  0.473000000,
  1.000000000,  0.000000000,  0.000000000, -0.518000000,
  0.000000000,  0.000000000,  0.000000000,  1.000000000]

# Local Window size(0 means pure-vision+IMU Initialzation but no IMU error in BA): JW is 20, VIORBSLAM paper uses 10, but 5 for V203 in my PC
LocalMapping.LocalWindowSize: 10

# the Error allow between "simultaneous" IMU data(Timu=Timu+delaytoimu) & Image's mTimeStamp(Timg): Timu=[Timg-err,Timg+err]; out of this range, no IMU data is used between 2KFs/Fs, max 1/fps; we suppose ErrEncImg=ErrIMUImg
ErrIMUImg: 0.03

# IMU Initialization Check starts at InitTime and ends at FinalTime, the IMU Initialization thread also sleep(SleepTime) (s)
IMU.InitTime: 0
IMU.FinalTime: 3
IMU.SleepTime: 1.0

# normal & initial & final Full BA iterations, default is 10,15,20; final uses 0 means no Full BA at the end of execution
GBA.iterations: 10
GBA.initIterations: 15
GBA.finalIterations: 0
GBA.threshMatches : 10
GBA.threshInliers : 10

#--------------------------------------------------------------------------------------------
# Camera Parameters. Adjust them!
#--------------------------------------------------------------------------------------------

Camera.type: "KannalaBrandt8"
# Camera calibration and distortion parameters (OpenCV)
Camera.fx: 235.327988
Camera.fy: 235.1325279
Camera.cx: 318.0450895
Camera.cy: 241.4077373
Camera.k1: 0.2087649995
Camera.k2: -0.1606183302
Camera.k3: 0.05896136527
Camera.k4: -0.01016617415
Camera2.fx: 235.6056805
Camera2.fy: 235.8242963
Camera2.cx: 326.0325511
Camera2.cy: 237.8806742
Camera2.k1: 0.1981868711
Camera2.k2: -0.1372462434
Camera2.k3: 0.04458692696
Camera2.k4: -0.007033346573
Camera3.fx: 235.9656628
Camera3.fy: 235.9511507
Camera3.cx: 324.2765306
Camera3.cy: 240.1017601
Camera3.k1: 0.2056368342
Camera3.k2: -0.1597348086
Camera3.k3: 0.06280743269
Camera3.k4: -0.01145318054
Camera4.fx: 234.746561
Camera4.fy: 234.7233972
Camera4.cx: 319.5018488
Camera4.cy: 236.6252459
Camera4.k1: 0.219005984
Camera4.k2: -0.1791353074
Camera4.k3: 0.06773692937
Camera4.k4: -0.01098509088
# Transformation matrix from reference camera to current camera
Camera2.Trc: !!opencv-matrix
  rows: 3
  cols: 4
  dt: f
  data: [ -0.742447181, -0.072685407, -0.665949709, -0.037001770,
          -0.624659204, -0.284024994,  0.727413694,  0.038490645,
          -0.242018722,  0.956057861,  0.165469948, -0.034760463]
Camera3.Trc: !!opencv-matrix
  rows: 3
  cols: 4
  dt: f
  data: [ -0.426420028,  0.045772898, -0.903366372, -0.066586562,
           0.901380097,  0.104716842, -0.420176514, -0.116668855,
           0.075364977, -0.993448149, -0.085912138, -0.068440003]
Camera4.Trc: !!opencv-matrix
  rows: 3
  cols: 4
  dt: f
  data: [ 0.920943019,  0.383654873, -0.068358579, -0.020325685,
         -0.380622946,  0.847917272, -0.369001995, -0.111453142,
         -0.083606994,  0.365848655,  0.926911340, -0.023163020]

# Lapping area between images
Camera.lappingBegin: 0
Camera.lappingEnd: 639
Camera2.lappingBegin: 0
Camera2.lappingEnd: 639
Camera3.lappingBegin: 0
Camera3.lappingEnd: 639
Camera4.lappingBegin: 0
Camera4.lappingEnd: 639
Camera.width: 640
Camera.height: 480

# Camera frames per second 
Camera.fps: 30.0

# Color order of the images (0: BGR, 1: RGB. It is ignored if images are grayscale)
Camera.RGB: 1

# stereo baseline times fx
Camera.bf: 15.7801
# Close/Far threshold. Baseline times.
ThDepth: 35.0 # 35

#--------------------------------------------------------------------------------------------
# ORB Parameters
#--------------------------------------------------------------------------------------------

# ORB Extractor: Number of features per image
ORBextractor.nFeatures: 187

# ORB Extractor: Scale factor between levels in the scale pyramid 	
ORBextractor.scaleFactor: 2.

# ORB Extractor: Number of levels in the scale pyramid	
ORBextractor.nLevels: 4

# ORB Extractor: Fast threshold
# Image is divided in a grid. At each cell FAST are extracted imposing a minimum response.
# Firstly we impose iniThFAST. If no corners are detected we impose a lower value minThFAST
# You can lower these values if your images have low contrast			
ORBextractor.iniThFAST: 20
ORBextractor.minThFAST: 7

#--------------------------------------------------------------------------------------------
# Viewer Parameters
#---------------------------------------------------------------------------------------------
Viewer.KeyFrameSize: 0.05
Viewer.KeyFrameLineWidth: 1
Viewer.GraphLineWidth: 0.9
Viewer.PointSize: 2
Viewer.CameraSize: 0.08
Viewer.CameraLineWidth: 3
Viewer.ViewpointX: 0
Viewer.ViewpointY: -0.7
Viewer.ViewpointZ: -1.8
Viewer.ViewpointF: 500

